S=[150 150 150 160];
S_new = (S+10)+(S+10)*0.1;
